0 0.319865 0.170928 0.094276 0.136679
0 0.439184 0.169034 0.091330 0.135417
0 0.604798 0.246843 0.101431 0.148359
0 0.324179 0.383681 0.093645 0.136679
0 0.443813 0.375316 0.095960 0.141414
0 0.333965 0.630366 0.075758 0.111111
0 0.494108 0.623895 0.088805 0.124053
0 0.640678 0.604482 0.078072 0.108586
0 0.797348 0.538510 0.090488 0.138258
0 0.413089 0.750789 0.109007 0.160038
0 0.335438 0.885101 0.074074 0.108586
0 0.495265 0.872948 0.084806 0.128472
0 0.583754 0.739110 0.092172 0.136679
0 0.650779 0.856534 0.078072 0.114583
