0 0.322180 0.274148 0.074074 0.114583
0 0.418140 0.273043 0.072391 0.109848
0 0.549137 0.335069 0.081860 0.119003
0 0.322706 0.440972 0.076389 0.108586
0 0.419297 0.436869 0.076389 0.112374
0 0.328809 0.641888 0.060816 0.089962
0 0.326915 0.847222 0.059975 0.089015
0 0.389731 0.740215 0.088805 0.134470
0 0.458228 0.641414 0.070076 0.102904
0 0.457912 0.842487 0.074074 0.102904
0 0.529566 0.733744 0.075547 0.107639
0 0.577231 0.625631 0.063131 0.087753
0 0.585753 0.827809 0.066288 0.092487
0 0.705387 0.572285 0.073232 0.109848
